-3,26534048230285
-1,83937010524856
-1,89926505712180
-1,77504547624433
-1,62959391961023
-1,71342442589571
-3,83979031613106
-4,03504010235527
-2,14388472452389
-1,74075408162002
-1,80162502940745
-1,86282612626254
-3,09911636064841
-3,80525169142777
-3,80305990525577
-3,69105315775094
-3,96737777691886
-3,44684274706771
-1,42481860220927
-1,35019404848951
-0,790943323276439
-0,321162170740842
-0,708728596568042
-4,92041274233443
-5,62774270464354
-2,07917408478869
-0,412018601413478
-0,580219377443978
-0,836434652382778
-3,40234336032066
-4,34099585658947
-4,35103903572732
-4,46489457560015
-5,09553650833396
-3,73067511289135
-2,75694565864229
-2,32101647500483
-1,45483902874883
-0,729958821717215
-1,20464566447308
-5,20384815872161
-5,86876219492327
-2,02030398147749
-0,659999001291332
-0,750362710797695
-1,07860078040237
-3,29327251100395
-3,90569894266955
-4,09572012136725
-4,11706805464282
-4,76619989446545
-3,12989414935457
-2,98694191398020
-1,87389546663537
-1,09262525823583
-0,624731807971755
-1,09801550347769
-4,85901502207178
-5,31573655975652
-2,24236828035817
-1,09314760266675
-1,11235673521909
-1,30424623879414
-3,53203052085839
-3,55369905941997
-3,56233389159628
-3,46851869631633
-4,10104455153010
-2,24411674907582
-2,40927754971226
-2,77612665599877
-2,42856578041580
-0,779344575453837
-0,975566448299515
-4,30906674484611
-4,65602915283719
-1,47640754547516
-0,435658572442880
-0,754200292853115
-0,971488480009046
-2,65461541044772
-2,53109502844497
-2,38941277338267
-2,67695232799616
-4,13095519122832
-1,99819918964110
-1,72689519957956
-3,13303088491222
-2,92925821799041
-1,86578683556218
-2,05114687982713
-4,56852123992892
-4,37083039910501
-1,63945181762376
-1,48069649766289
-1,85037002864766
-1,97940003126240
-3,15111776372283
-2,61960807049379
-2,65783867913379
-3,29911099946762
-4,21417691669941
-1,96070062416004
-1,83567763799081
-2,97893404894206
-2,88630765987745
-1,83795213636482
-2,26759852545615
-4,25095959254609
-4,24370659028453
-1,88821562323031
-1,88886888529281
-2,16172280930546
-2,14270743650636
-2,95692572009155
-2,53239291601970
-2,68563293683695
-3,26741683397852
-4,18862012035502
-1,84225017591720
-1,88760894485999
-2,45643401674317
-2,03921376308035
-0,856578653712521
-1,32653441047830
-4,28610497038238
-4,43603425558462
-1,57243990629321
-1,08061340999967
-1,83311767243708
-1,59047070739212
-1,99090343367621
-1,59441515177907
-1,75280406113260
-2,59862999759276
-4,15546176275782
-2,06777792224066
-2,91604390704369
-2,92066161565138
-2,87527552382562
-1,81060467666115
-2,03264549222707
-4,32205540445409
-4,22430477763629
-1,59027938738818
-2,30129005812083
-2,70320665040026
-2,60997799280266
-1,77655832189975
-1,37980722413184
-1,44639308039841
-2,10947052419193
-3,87569419708357
-1,98749582845959
-2,76025571419122
-2,91596816351532
-2,88014859879340
-2,08661663271194
-2,61884826582011
-4,31170379143233
-4,17478771767258
-1,66327084690654
-2,60974000995213
-2,77975267350796
-2,61118736753266
-0,589172202531172
0,0375403968274161
-0,166129213464696
-0,938423020268766
-2,94920372370912
-1,61630956763488
-2,06268724293358
-2,95512000520207
-3,03658162103458
-2,16690299971510
-2,46041006860219
-4,26922124967337
-4,05342682639224
-1,63852648045348
-2,20481649656452
-2,35507267204797
-2,10018949807700
-0,0157113113164956
0,472486440113319
0,292797049673355
-0,697935869938949
-3,12569532903254
-2,10659021448512
-1,84399270536236
-2,86243294320456
-3,00857043721274
-2,55059617261622
-2,52196468705345
-4,60261481889692
-4,41381905290127
-1,59695908903787
-2,32663537297384
-2,90506437903553
-2,58719354497906
-0,713402008154345
-0,144832845563447
-0,472867158915912
-1,54666320739585
-3,76217507620059
-2,19004686330787
-2,44170765624699
-2,97874987552942
-3,69708343691848
-3,29998138441974
-3,20682970432247
-4,73023231252690
-4,59301300422203
-1,56812160252543
-3,21252306713189
-3,77264297634821
-3,63359846035333
-1,19835569789447
-0,701412218291626
-1,00864337132993
-2,12816816265666
-3,90437660510004
-2,25662559587469
-3,10013026368560
-2,47865900787049
-3,43144616161194
-3,32445770832758
-2,78465183569611
-4,94367500367869
-4,81723225935417
-1,08293892039830
-3,83638421298540
-4,29974431303003
-4,00968429507359
-1,25727436071922
-0,779398748393859
-1,08076782941542
-2,07234622714496
-4,21137043536180
-2,33313066939983
-3,23486575275037
-2,49571176814161
-3,47565899017322
-3,53413320056332
-2,92047711087819
-5,08967652462887
-4,99191255901131
-1,38623321324371
-4,07170089075301
-4,39371419616374
-3,94528500830605
-1,36920437159876
-0,885827023926930
-1,22580682196868
-2,17424408427922
-4,35764999880740
-2,26375621392084
-3,39093317780421
-2,49078458748687
-3,34702192245361
-3,11929900595830
-2,96626012468888
-5,17331106193372
-5,07885959443963
-1,09739927571941
-3,65881649241550
-3,83064979932733
-3,81434917313455
-1,62568604114782
-0,965745437535202
-1,13570876192291
-2,21866246182452
-4,40656991631212
-2,21850910453720
-3,80658732281858
-2,67606197352377
-3,73018411265251
-3,71751928767681
-3,10688229335763
-5,17272713706772
-5,12939137408439
-1,23170218958823
-4,07062112304268
-4,48047412381887
-4,70621853407621
-1,52573159509880
-0,805207045465076
-1,24579961269990
-2,16365977464644
-4,39543302242640
-2,38231102299004
-3,81950003092893
-3,04935646172609
-3,98776885779967
-3,56691227833826
-2,98533246025791
-5,06024009022669
-5,00170238586516
-1,28546088409228
-3,16456674625290
-3,47789438790282
-3,65008755883098
-1,64421950460589
-0,999325195457504
-1,38589834263850
-2,39927040931813
-4,60417154139187
-2,49382261233652
-3,90913338805192
-3,35881520131927
-4,20912080140084
-3,84482697500273
-3,22135625305382
-4,85371498184796
-4,93168188030244
-1,85248194352668
-3,13135738420730
-3,31316067567886
-3,35313530064867
-1,63462180415063
-1,07405049255202
-1,23118469733097
-2,41043277170312
-4,44522523875291
-2,51552558939424
-3,84473303695615
-3,41776305931704
-4,30742319322269
-3,66457672006828
-3,25843122784870
-5,02374596545426
-5,05871649935445
-1,74397325911588
-3,15246676525437
-3,42065703160320
-3,47299852013102
-1,62086223460815
-0,955621489163474
-1,28213219197954
-2,28564659627792
-4,47406441147186
-2,66202357246625
-3,81450510098146
-3,45337181993893
-4,29467607165490
-3,30712936874289
-2,79610342707628
-5,10741803209366
-5,05710109765631
-1,65517387601060
-2,36077672266923
-2,81729032046381
-2,78427233564175
-1,52188114249591
-0,981079797584765
-1,24940402634035
-2,36716145507642
-4,49440148084620
-2,80482884789804
-4,04104424152146
-3,47341982841572
-4,42409864149794
-4,06054644883715
-3,14112833202783
-5,47244487312352
-5,47451075376036
-1,83953486715857
-3,00741624672022
-3,05943577202115
-2,88795295509541
-1,47681688942232
-0,895381310503559
-1,19580723368994
-2,36471642198377
-4,50599633616717
-2,96699507286861
-4,28464433669166
-3,62789966876077
-4,34844914611476
-4,30845549716202
-3,60186616260842
-5,52348322973599
-5,44677877285878
-2,03862743803615
-3,83422124025257
-3,97899155288620
-3,65836988082543
-1,46859906939144
-0,867927355573129
-1,16745844159069
-2,34909689553260
-4,56179881881151
-3,00212346908936
-4,40988665684179
-4,15070274819759
-4,83899392950859
-4,48109325424198
-4,11635342654807
-5,56641081270249
-5,64460626181453
-2,46518014458623
-4,16366414790119
-4,57335109231627
-4,49191997965381
-1,75575791735610
-1,14527323625510
-1,49138760984799
-2,39134480901643
-4,68478157971780
-3,10975200426707
-4,38210215852947
-4,29433685439402
-5,17600637154586
-4,98355065395595
-4,33083587791708
-5,67239734122294
-5,48818723160661
-2,74544294188068
-4,40975557807915
-4,77854215298168
-5,13183877813629
-2,15129826951926
-1,54993677879640
-1,80820176121257
-2,77116582481955
-4,90120523216645
-3,07053609878023
-4,35386766648580
-4,30986667254084
-5,19411151883913
-5,04910483347427
-4,35918961956466
-5,48196149907951
-5,59953612199564
-2,69817965557575
-4,58328372883546
-4,92915010378393
-5,03942548466754
-2,31804020257148
-1,65424511146842
-1,94883698236809
-3,03644162777540
-4,88662522101559
-3,20088027975081
-4,35181330874802
-4,21980049588921
-5,02933048111381
-4,94772643614647
-4,20084187133229
-5,41748625955635
-5,36183952709149
-2,30689931187530
-4,51402143515150
-4,89847310234009
-4,97298429527321
-2,32761921653467
-1,63811899833949
-1,98093329406351
-3,17661627459280
-5,04829857170367
-3,05393879848878
-4,00308843319282
-4,29063921961284
-4,82503602533248
-4,65635771847741
-4,11620125177404
-5,31894356215807
-5,41011568411211
-2,35665046438668
-4,22444134954184
-4,77723270109863
-4,67507129496298
-2,32796089882571
-1,82372632059577
-2,14760466951051
-3,22224361524089
-5,11578240763710
-3,07486722241971
-3,21501731711254
-3,94489132960678
-4,19433323912576
-3,70340408049629
-3,73833122434054
-5,30595713316940
-5,34672234126833
-2,41942865117391
-4,14264157954682
-4,39334322526620
-4,29458417278435
-2,31910734715323
-1,63618422090965
-2,04184869899776
-3,12364330781210
-5,00896017140452
-3,09186231013446
-3,30674719318706
-3,77050482242095
-4,18539174356195
-4,03049967153070
-3,93452360431768
-5,22115350152832
-5,19153884287713
-2,34668702324173
-4,24753580433847
-4,49102189983252
-3,98540675368015
-2,39119374287964
-1,73764615452093
-1,91369787298608
-3,07484909163021
-5,04583921008298
-2,76210023346124
-3,70540640152901
-3,77406546544426
-4,44623806482658
-3,99233369946768
-3,65068492866533
-5,14691466790554
-5,04690017410420
-2,19420270125863
-3,91834309242673
-4,25154464547340
-3,72216582803286
-2,20045340789462
-1,56064939021254
-1,88913877622319
-3,04855365160436
-4,94115533859877
-2,90368780174847
-4,02075667577146
-4,00096024752450
-4,74747164766476
-4,43580918207692
-3,85772520085132
-5,05521045023389
-5,06192289450366
-2,31152573975148
-3,92787636649905
-4,02862904352558
-3,87982947194589
-2,32975182522924
-1,61019537988647
-1,95983539737004
-3,21521536410014
-4,97209995774965
-3,04034977930502
-3,75822736851616
-4,16000730708040
-4,63956209137672
-4,29059441862700
-4,11002807105859
-4,95436183311141
-4,96548025260990
-2,50959851125737
-4,16362966907211
-4,23530002464670
-4,26676615174442
-2,61340087849532
-1,77909880743189
-2,13188579669551
-3,42158437603217
-4,97112679885068
-3,57629078140343
-3,84144746040072
-4,31780578637896
-4,70072309417217
-3,88860465127585
-4,14942186612104
-5,03620684918153
-4,98647930178865
-2,91595829428253
-4,03710300231548
-4,28344621035519
-4,62643576807426
-3,08583953957581
-2,30095242024833
-2,60224780869066
-3,91567147515925
-5,01043179940600
-4,25694083834108
-4,53406988904290
-4,77328130147008
-4,96546972088077
-4,64507887249822
-4,59436754811627
-5,10206414481375
-5,04119063959867
-3,61803980917784
-4,39692768306510
-4,65394516706686
-4,66987031263966
-3,91154627675855
-3,19495052358551
-3,48494986851204
-4,44505362258930
-5,07455004485065
