Row number:1
0.288451
0.423717
0.776026
0.928946
0.771237
-1.11972
-0.593129
-1.14983
-1.07014
-1.55392
-1.21343
0.860675
0.706703
0.755978
-1.47286
-1.59655
-0.0336937

Row number:2
-0.993088
0.314525
1.10589
1.69838
0.844411
-2.11489
-1.85836
-2.68743
-2.59584
-5.03106
-2.18105
1.94014
1.70415
1.7541
-3.6507
-4.24178
-2.80612

Row number:3
-1.10747
-0.248433
1.42562
1.4509
0.168247
-1.68049
-1.9334
-2.65338
-2.90002
-5.28415
-2.48971
1.12994
1.64627
0.838102
-3.71202
-4.67306
-2.89078

Row number:4
-1.42159
-0.706303
1.18703
1.60651
-0.455973
-2.20089
-2.57242
-2.56638
-3.38761
-5.38116
-2.26685
1.02604
1.26115
0.969873
-3.47
-4.76214
-3.39098

Row number:5
-1.93996
-1.14207
-0.441373
0.398799
-0.767551
-2.06829
-1.89417
-1.92976
-3.03323
-4.75461
-2.13515
1.02312
1.46034
0.249298
-3.55257
-3.8426
-3.12959

Row number:6
-2.48693
-1.67546
-1.06986
-0.472512
-2.03089
-1.57424
-2.15376
-1.86578
-2.79621
-4.75427
-2.49806
-0.152506
0.0566331
-0.942885
-4.53412
-4.12237
-3.67941

Row number:7
-1.88673
-1.30971
-0.849274
-0.443717
-2.40313
-1.81834
-1.7014
-2.1865
-2.64557
-4.73877
-2.51613
-0.593507
0.0386364
-0.626873
-4.13331
-4.86383
-4.24082

Row number:8
-1.40863
-0.880682
-1.05169
-0.910384
-2.56044
-1.31088
-1.39727
-0.809704
-2.32647
-4.72328
-2.4323
0.263462
0.580493
-0.284501
-4.45656
-4.90065
-4.02814

Row number:9
-1.48108
-0.953689
-1.54753
-1.06118
-1.92697
-0.769839
-0.426265
-0.29231
-1.84435
-4.46214
-2.1913
0.797976
0.941472
-0.0419035
-3.50676
-4.11953
-4.25766

Row number:10
-2.61864
-2.15075
-1.62004
-1.15167
-2.35361
-1.00313
0.124165
-0.613448
-1.81653
-4.52957
-2.35523
-0.36176
0.470771
-0.207589
-3.61633
-4.59371
-4.34454

Row number:11
-3.00568
-2.768
-2.86702
-1.4168
-2.43746
-0.354638
-0.379461
-0.643697
-1.68609
-4.73822
-2.56366
-0.784718
-0.440887
-0.44338
-4.12072
-5.13083
-4.40393

Row number:12
-2.94567
-2.48877
-3.26622
-2.71894
-2.57853
-0.500812
-0.798349
-0.969665
-1.5585
-4.81263
-2.8884
-1.77049
-1.25513
-1.69092
-5.2147
-5.44298
-4.64556

Row number:13
-2.70823
-2.21849
-2.42107
-2.3201
-1.72809
-0.0704759
-0.856894
-1.13172
-0.754709
-4.90295
-2.55751
-1.59862
-1.15452
-2.37967
-5.29701
-5.32647
-5.02831

Row number:14
-3.03383
-2.55547
-2.3657
-1.8843
-1.58817
-0.394956
-1.01345
-1.24999
-1.27487
-5.09861
-2.40697
-1.79152
-1.23303
-2.24177
-5.40498
-5.65271
-5.06084

Row number:15
-4.25049
-3.59163
-2.81935
-2.00302
-2.13106
-1.10006
-0.989082
-1.30297
-1.16395
-4.89184
-2.57632
-1.8783
-1.08016
-1.73984
-5.62175
-5.83402
-5.19778

Row number:16
-4.8424
-4.16344
-3.35791
-2.02681
-2.19115
-0.842167
-1.08968
-1.42266
-1.27378
-5.02916
-3.08331
-2.36261
-1.40428
-2.1455
-5.55152
-5.75994
-5.36898

Row number:17
-4.56729
-3.76112
-3.30848
-2.15646
-2.47994
-0.902908
-1.44678
-1.79221
-1.4348
-6.05046
-3.15782
-2.83936
-2.23518
-3.0726
-5.9044
-6.00786
-5.29731

Row number:18
-5.22192
-4.29655
-4.86351
-2.74507
-2.37551
-1.39803
-1.54049
-1.72425
-1.5672
-5.64454
-3.22219
-3.55432
-2.21276
-3.44522
-6.31356
-6.74272
-5.37944

Row number:19
-5.37201
-4.56082
-4.35601
-4.95006
-3.21058
-0.936015
-1.37533
-1.95923
-1.97456
-5.68069
-3.33933
-4.37673
-2.4963
-3.13995
-5.98088
-6.22663
-5.60492

Row number:20
-5.31129
-4.54807
-4.527
-3.76915
-3.53386
-1.58985
-1.30221
-1.42307
-2.20151
-5.60818
-3.65748
-4.52577
-3.02416
-3.65982
-6.04342
-6.06943
-5.79362

Row number:21
-5.59667
-5.14166
-5.31132
-4.38047
-3.47911
-1.74207
-1.54433
-1.45669
-1.64172
-4.98028
-3.78911
-5.08915
-3.85615
-4.69371
-6.51576
-6.42396
-5.84546

Row number:22
-5.56066
-5.31474
-5.7415
-5.42326
-3.51504
-1.26709
-1.09567
-1.24043
-1.81526
-5.24282
-4.15086
-4.55487
-3.80509
-5.01842
-6.34491
-6.40165
-6.01068

Row number:23
-6.37027
-5.31972
-6.55834
-5.66971
-3.10099
-1.26005
-1.09788
-1.77525
-2.31966
-5.69005
-4.41262
-4.15098
-3.31145
-4.9418
-6.52094
-6.42247
-6.09585

Row number:24
-6.85422
-5.61824
-5.75816
-4.59166
-4.13974
-1.42439
-1.49574
-1.86757
-2.5451
-5.67789
-4.47479
-4.50218
-3.21916
-4.79551
-6.55276
-7.58208
-6.17202

Row number:25
-6.74323
-5.87489
-5.05998
-4.122
-3.74878
-1.58206
-1.57033
-2.36155
-2.95082
-5.99605
-4.91472
-5.08628
-3.63824
-4.32828
-6.73807
-7.15946
-6.8301

Row number:26
-6.29548
-5.30136
-5.12032
-4.12258
-3.82527
-1.01275
-1.71383
-2.51111
-2.82869
-6.46119
-4.07719
-5.46671
-3.60555
-4.20532
-6.39277
-6.64001
-6.60849

Row number:27
-6.39749
-4.91706
-5.61074
-4.16939
-3.51897
-0.9681
-1.36671
-2.28811
-3.49528
-6.42727
-5.08258
-5.17995
-3.57641
-3.87494
-5.84951
-6.51802
-6.15416

Row number:28
-5.70745
-4.58809
-4.7261
-3.75469
-3.49286
-1.18101
-1.51507
-2.77841
-3.16609
-6.44278
-4.09054
-4.72941
-3.73308
-4.0915
-6.82509
-6.61679
-6.19694

Row number:29
-6.00275
-5.06598
-3.99663
-4.17214
-2.8453
-1.19407
-1.60734
-2.83697
-3.13181
-6.45042
-4.21544
-3.70011
-2.61742
-3.83158
-6.21518
-6.05751
-6.04716

Row number:30
-5.97693
-5.30133
-4.39708
-3.49948
-3.34387
-1.85251
-1.65673
-2.44028
-2.94036
-5.95045
-3.91158
-3.84462
-2.80405
-3.84794
-5.71244
-6.10121
-5.9965

Row number:31
-6.42654
-5.3626
-4.63366
-3.69974
-3.16809
-1.73202
-2.18157
-2.52585
-3.38084
-6.3333
-4.15098
-4.00398
-2.57645
-3.58696
-5.81783
-6.12437
-5.87957

Row number:32
-6.01064
-5.48754
-4.88508
-5.07833
-3.76972
-2.04973
-2.2711
-2.76139
-3.40532
-5.92246
-4.2181
-4.28464
-3.04849
-3.50461
-6.10492
-5.87325
-5.74219

Row number:33
-5.71619
-5.7859
-5.37565
-5.28005
-3.82817
-1.93755
-2.75483
-2.47769
-3.12122
-5.61318
-4.09973
-4.44761
-3.08937
-3.60087
-6.26238
-5.78366
-5.85541

Row number:34
-5.61192
-5.61714
-5.48856
-5.29733
-4.6924
-2.68065
-2.84524
-3.75593
-3.77487
-5.74831
-4.46484
-5.03956
-3.55301
-4.05797
-5.70939
-5.49793
-5.64289

Row number:35
-6.00467
-5.95757
-5.68427
-5.43544
-5.04709
-3.16592
-3.9485
-4.29995
-4.77219
-5.362
-5.12657
-5.17822
-4.03732
-4.50132
-5.45112
-5.75289
-5.9848
